0,544
125,198
0,543
125,197
155,36
155,35
125,117
125,116
125,115
125,114
125,113
125,112
8,8
125,111
125,110
125,109
125,108
125,107
125,106
125,105
125,104
8,2
125,103
125,102
125,101
125,100
125,99
125,98
125,97
125,96
125,95
125,94
125,93
125,92
125,91
125,90
125,89
125,88
8,3
125,87
125,86
125,85
125,84
125,83
125,82
125,81
125,80
125,79
125,78
125,77
125,76
125,75
125,74
125,73
125,72
125,71
125,70
125,69
125,68
12,2
12,1
12,3
125,67
125,66
125,65
125,64
125,40
125,39
125,38
125,37
125,36
125,35
125,34
125,33
125,32
125,31
125,30
125,29
125,28
125,27
125,26
125,25
125,24
125,23
125,22
125,21
125,20
125,19
125,18
125,17
125,16
125,15
125,14
125,13
125,12
125,11
125,10
125,9
125,8
125,7
125,6
125,5
125,4
125,3
125,2
125,1
125,0
124,4
124,3
124,2
124,1
124,0
123,4
123,3
123,2
123,1
123,0
122,9
122,8
122,7
122,6
122,5
122,4
122,3
20,2
20,1
20,3
122,2
122,1
122,0
121,5
121,4
19,2
121,3
19,1
19,3
121,2
121,1
121,0
120,5
120,4
120,3
120,2
120,1
120,0
119,4
119,3
119,2
119,1
119,0
118,4
118,3
118,2
118,1
118,0
117,12
117,11
117,10
117,9
117,8
117,7
117,6
117,5
117,4
117,3
18,1
18,3
14,3
117,2
117,1
117,0
13,1
14,11
14,1
13,3
14,10
0,539
0,386
0,315
0,243
2,2
2,1
2,3
0,0
155,34
155,33
155,32
155,31
155,30
155,29
155,28
155,27
155,26
155,25
155,24
155,23
155,22
155,21
155,20
155,19
155,18
155,17
155,16
155,15
155,14
155,13
155,12
